5.23	24.12	24.44	24.0	23.87	23.62	24.44	25.5	25.19	25.75	26.12	26.56	27.06	29.56	30.75
8.48	24.12	24.44	24.0	23.94	23.75	24.56	25.69	25.31	26.12	26.5	27.0	27.69	30.44	31.69
19.74	24.12	24.5	24.12	24.19	24.12	25.12	26.37	26.19	27.37	27.87	28.69	29.69	33.19	34.69
29.01	24.19	24.62	24.31	24.5	24.62	25.75	27.12	26.94	28.5	29.12	30.06	31.37	35.25	36.81
42.28	24.31	24.81	24.62	25.06	25.37	26.69	28.31	28.25	30.12	30.81	32.06	33.56	37.88	39.5
53.56	24.44	25.06	24.94	25.56	26.06	27.62	29.25	29.31	31.44	32.25	33.63	35.31	39.88	41.38
66.84	24.62	25.44	25.44	26.19	26.94	28.62	30.37	30.5	32.88	33.81	35.31	37.13	41.81	43.31
78.12	24.87	25.75	25.87	26.81	27.69	29.44	31.37	31.5	34.06	35.0	36.63	38.56	43.38	44.81
91.42	25.19	26.19	26.44	27.5	28.5	30.44	32.38	32.63	35.31	36.38	38.06	40.13	44.94	46.25
106.7	25.5	26.69	27.06	28.25	29.5	31.5	33.5	33.81	36.63	37.75	39.56	41.63	46.56	47.81
122.02	25.94	27.19	27.75	29.0	30.37	32.44	34.56	34.94	37.88	39.0	40.94	43.06	47.94	49.19
137.34	26.31	27.69	28.37	29.75	31.19	33.38	35.63	35.94	39.0	40.13	42.19	44.31	49.25	50.44
154.67	26.75	28.25	29.06	30.56	32.13	34.31	36.63	37.06	40.13	41.31	43.44	45.56	50.5	51.56
174.01	27.25	28.87	29.69	31.31	33.0	35.31	37.63	38.13	41.25	42.44	44.63	46.81	51.69	52.69
193.37	27.75	29.5	30.44	32.06	33.88	36.19	38.56	39.13	42.25	43.5	45.69	47.88	52.81	53.75
210.72	28.19	30.0	31.0	32.75	34.56	36.94	39.38	39.88	43.13	44.38	46.63	48.75	53.69	54.63
236.11	28.75	30.69	31.81	33.56	35.5	37.88	40.44	41.0	44.25	45.44	47.75	49.94	54.88	55.75
238.29	28.81	30.75	31.87	33.63	35.56	37.94	40.44	41.06	44.31	45.5	47.81	50.06	54.94	55.81
241.51	28.87	30.81	32.0	33.75	35.69	38.13	40.63	41.19	44.44	45.63	48.0	50.19	55.13	55.94
246.8	29.0	30.94	32.13	33.88	35.81	38.31	40.81	41.44	44.63	45.88	48.25	50.44	55.38	56.19
248.99	29.0	31.0	32.19	34.0	35.94	38.38	40.88	41.5	44.69	45.94	48.31	50.5	55.44	56.25
252.18	29.06	31.06	32.25	34.06	36.0	38.44	41.0	41.63	44.88	46.06	48.44	50.63	55.56	56.38
269.53	29.44	31.5	32.75	34.56	36.56	39.0	41.56	42.25	45.5	46.69	49.06	51.25	56.19	56.94
271.72	29.5	31.56	32.81	34.63	36.63	39.13	41.69	42.25	45.56	46.75	49.13	51.31	56.25	57.0
274.91	29.56	31.62	32.88	34.75	36.75	39.19	41.75	42.38	45.69	46.88	49.25	51.44	56.38	57.06
298.29	29.94	32.13	33.44	35.31	37.38	39.88	42.44	43.06	46.31	47.56	49.94	52.13	56.94	57.63
300.49	30.0	32.13	33.5	35.38	37.44	39.94	42.5	43.13	46.38	47.63	50.0	52.19	57.0	57.69
303.67	30.06	32.25	33.56	35.44	37.5	40.0	42.63	43.25	46.44	47.69	50.13	52.31	57.06	57.75
327.06	30.5	32.69	34.06	35.94	38.06	40.63	43.19	43.81	47.06	48.25	50.63	52.81	57.63	58.25
329.25	30.56	32.75	34.13	36.0	38.13	40.63	43.19	43.88	47.13	48.25	50.75	52.88	57.63	58.31
332.45	30.56	32.81	34.19	36.13	38.19	40.69	43.25	43.94	47.19	48.38	50.81	52.94	57.75	58.38
361.87	31.0	33.38	34.75	36.63	38.81	41.38	43.94	44.63	47.88	49.06	51.5	53.69	58.56	59.13
364.07	31.06	33.38	34.75	36.69	38.81	41.38	44.0	44.63	47.88	49.13	51.56	53.75	58.56	59.19
367.28	31.06	33.44	34.81	36.75	38.94	41.44	44.06	44.75	48.0	49.19	51.63	53.81	58.63	59.25
386.65	31.31	33.69	35.19	37.13	39.25	41.81	44.44	45.19	48.38	49.63	52.0	54.19	59.06	59.56
388.83	31.37	33.69	35.19	37.13	39.31	41.88	44.5	45.19	48.44	49.63	52.06	54.25	59.13	59.56
392.06	31.37	33.75	35.25	37.19	39.38	41.94	44.56	45.25	48.5	49.69	52.13	54.31	59.19	59.63
421.48	31.75	34.19	35.69	37.69	39.88	42.5	45.13	45.75	49.0	50.19	52.69	54.81	59.69	60.13
423.66	31.81	34.19	35.75	37.75	39.88	42.5	45.13	45.81	49.06	50.25	52.75	54.88	59.75	60.13
426.86	31.87	34.25	35.75	37.75	39.94	42.56	45.19	45.88	49.13	50.31	52.75	54.94	59.75	60.19
429.03	31.87	34.31	35.81	37.81	40.0	42.56	45.19	45.88	49.13	50.31	52.81	55.0	59.81	60.25
432.23	31.94	34.31	35.81	37.81	40.0	42.63	45.25	45.94	49.25	50.38	52.88	55.0	59.81	60.31
471.74	32.31	34.81	36.38	38.31	40.56	43.25	45.88	46.56	49.81	50.94	53.5	55.63	60.38	60.81
509.28	32.63	35.13	36.75	38.81	41.06	43.69	46.31	47.06	50.31	51.44	54.06	56.13	61.0	61.44
511.48	32.63	35.19	36.81	38.81	41.13	43.69	46.38	47.06	50.38	51.5	54.06	56.19	61.0	61.44
514.67	32.63	35.19	36.81	38.88	41.13	43.75	46.38	47.06	50.38	51.56	54.13	56.25	61.06	61.5
516.83	32.69	35.25	36.81	38.88	41.13	43.81	46.44	47.13	50.44	51.56	54.13	56.25	61.06	61.5
520.03	32.69	35.25	36.88	38.94	41.19	43.81	46.5	47.19	50.5	51.69	54.13	56.31	61.13	61.56
559.57	33.06	35.63	37.25	39.31	41.63	44.25	46.94	47.69	50.94	52.06	54.63	56.75	61.56	61.88
561.77	33.06	35.63	37.31	39.31	41.63	44.31	46.94	47.69	51.0	52.13	54.69	56.75	61.56	61.94
564.99	33.06	35.69	37.31	39.44	41.69	44.31	47.0	47.69	51.0	52.19	54.69	56.75	61.63	61.94
604.51	33.19	35.88	37.56	39.69	42.0	44.63	47.25	48.0	51.31	52.44	54.88	57.0	61.75	62.06
606.69	33.19	35.88	37.63	39.75	42.0	44.69	47.31	48.0	51.31	52.44	54.94	57.06	61.81	62.06
609.89	33.19	35.88	37.63	39.75	42.0	44.69	47.31	48.06	51.31	52.44	55.0	57.06	61.81	62.13
612.09	33.25	35.94	37.69	39.75	42.06	44.69	47.38	48.06	51.31	52.5	55.0	57.06	61.88	62.19
615.3	33.25	35.94	37.69	39.75	42.06	44.69	47.31	48.06	51.38	52.5	55.0	57.13	61.88	62.19
662.88	33.56	36.25	38.0	40.13	42.44	45.06	47.75	48.5	51.81	52.94	55.44	57.56	62.31	62.56
665.06	33.56	36.25	38.0	40.13	42.44	45.13	47.81	48.5	51.75	52.94	55.5	57.56	62.31	62.56
668.28	33.56	36.31	38.06	40.13	42.5	45.13	47.81	48.5	51.81	52.94	55.5	57.56	62.38	62.56
729.98	33.94	36.69	38.44	40.56	42.88	45.56	48.25	48.94	52.31	53.38	56.0	58.06	62.88	63.06
732.19	33.88	36.69	38.44	40.56	42.94	45.63	48.25	49.0	52.25	53.44	56.0	58.06	62.88	63.06
735.4	33.94	36.69	38.5	40.56	42.94	45.63	48.25	49.0	52.31	53.44	56.0	58.06	62.88	63.06
803.15	34.31	37.06	38.81	40.94	43.31	46.0	48.69	49.44	52.69	53.81	56.38	58.44	63.19	63.44
891.11	34.63	37.38	39.19	41.31	43.69	46.38	49.06	49.75	53.13	54.19	56.81	58.88	63.69	63.81
893.31	34.63	37.38	39.19	41.31	43.69	46.38	49.06	49.75	53.13	54.25	56.81	58.88	63.69	63.88
896.53	34.63	37.38	39.19	41.31	43.69	46.44	49.06	49.75	53.13	54.25	56.81	58.88	63.69	63.88
960.27	34.75	37.56	39.38	41.5	43.94	46.63	49.31	50.0	53.38	54.5	57.06	59.13	63.94	64.12
962.46	34.75	37.56	39.38	41.5	43.94	46.69	49.38	50.0	53.38	54.5	57.13	59.13	64.0	64.12
965.65	34.75	37.56	39.38	41.56	43.94	46.69	49.31	50.06	53.44	54.44	57.06	59.13	63.94	64.12
967.85	34.75	37.56	39.38	41.56	43.94	46.69	49.31	50.06	53.38	54.5	57.13	59.13	64.0	64.12
971.07	34.75	37.56	39.38	41.56	44.0	46.69	49.38	50.06	53.44	54.5	57.13	59.13	64.0	64.12
1026.77	34.81	37.69	39.5	41.69	44.13	46.88	49.5	50.19	53.56	54.69	57.25	59.31	64.12	64.25
1028.96	34.81	37.69	39.56	41.69	44.13	46.88	49.5	50.25	53.56	54.69	57.25	59.25	64.06	64.25
1032.17	34.81	37.69	39.56	41.69	44.13	46.81	49.5	50.25	53.56	54.69	57.25	59.31	64.12	64.25
1144.32	35.0	37.94	39.75	41.94	44.38	47.0	49.75	50.44	53.81	54.94	57.5	59.56	64.31	64.44
1146.5	35.06	37.94	39.75	41.94	44.38	47.0	49.81	50.5	53.81	54.94	57.5	59.56	64.37	64.5
1149.72	35.0	37.94	39.81	41.94	44.38	47.0	49.75	50.5	53.88	54.94	57.5	59.56	64.31	64.5
1257.84	35.19	38.06	39.94	42.13	44.5	47.19	49.88	50.63	53.94	55.0	57.63	59.56	64.31	64.37
1260.04	35.19	38.06	39.94	42.13	44.56	47.25	49.88	50.56	53.94	55.0	57.63	59.56	64.31	64.37
1263.25	35.19	38.06	39.94	42.13	44.56	47.25	49.81	50.56	53.94	55.0	57.56	59.56	64.31	64.37
1347.18	35.31	38.19	40.06	42.19	44.63	47.38	49.94	50.69	54.0	55.06	57.63	59.63	64.31	64.44
1349.39	35.31	38.19	40.06	42.19	44.63	47.31	49.94	50.69	54.0	55.06	57.63	59.63	64.31	64.44
1352.59	35.31	38.19	40.06	42.19	44.63	47.38	49.94	50.69	54.0	55.06	57.63	59.63	64.31	64.44
1360.81	35.31	38.25	40.06	42.25	44.63	47.31	49.94	50.69	54.0	55.06	57.63	59.63	64.31	64.44
1363.99	35.31	38.19	40.06	42.19	44.63	47.31	50.0	50.69	54.0	55.06	57.63	59.63	64.31	64.44
1366.17	35.31	38.25	40.06	42.19	44.69	47.31	49.94	50.69	54.0	55.06	57.63	59.63	64.31	64.37
1369.37	35.31	38.25	40.13	42.25	44.63	47.38	49.94	50.69	54.0	55.06	57.69	59.63	64.31	64.37
1465.41	35.31	38.25	40.13	42.25	44.69	47.38	50.0	50.75	54.06	55.13	57.75	59.75	64.56	64.62
1467.61	35.31	38.25	40.13	42.25	44.69	47.38	50.0	50.75	54.06	55.19	57.75	59.75	64.56	64.69
1470.83	35.31	38.25	40.13	42.25	44.69	47.44	50.0	50.75	54.13	55.19	57.75	59.81	64.56	64.69
1568.86	35.44	38.31	40.25	42.38	44.81	47.56	50.19	50.88	54.19	55.31	57.94	59.88	64.62	64.62
1571.05	35.38	38.38	40.25	42.38	44.81	47.5	50.19	50.88	54.19	55.31	57.94	59.88	64.56	64.62
1574.27	35.38	38.38	40.25	42.44	44.81	47.5	50.19	50.88	54.19	55.25	57.88	59.88	64.62	64.62
1686.44	35.31	38.25	40.13	42.31	44.81	47.5	50.19	50.94	54.25	55.38	57.94	60.0	64.69	64.75
1688.65	35.31	38.25	40.13	42.31	44.81	47.5	50.13	50.94	54.25	55.31	58.0	59.94	64.69	64.69
1691.84	35.25	38.25	40.13	42.31	44.81	47.5	50.19	50.94	54.25	55.38	57.94	59.94	64.69	64.69
1818.13	35.5	38.38	40.25	42.44	44.88	47.63	50.25	50.94	54.31	55.44	58.06	60.06	64.87	65.0
1820.32	35.5	38.38	40.25	42.44	44.88	47.63	50.25	50.94	54.31	55.44	58.06	60.06	64.87	64.94
1823.54	35.5	38.38	40.25	42.44	44.88	47.56	50.25	51.0	54.31	55.44	58.13	60.06	64.87	64.94
1941.75	35.56	38.44	40.25	42.44	44.88	47.56	50.25	50.88	54.25	55.38	58.0	59.94	64.62	64.69
1943.96	35.56	38.44	40.25	42.44	44.88	47.56	50.19	50.94	54.25	55.38	58.0	59.94	64.62	64.69
1947.19	35.56	38.44	40.25	42.44	44.88	47.56	50.25	50.94	54.25	55.31	58.0	59.94	64.62	64.69
2010.95	35.56	38.5	40.31	42.5	44.94	47.56	50.25	51.0	54.31	55.38	58.0	59.94	64.62	64.69
2013.14	35.5	38.5	40.31	42.5	44.94	47.56	50.25	50.94	54.31	55.38	58.0	59.94	64.62	64.69
2016.34	35.5	38.5	40.38	42.44	44.94	47.56	50.25	50.94	54.31	55.38	58.0	59.88	64.56	64.69
2018.53	35.56	38.5	40.31	42.5	44.94	47.56	50.25	50.94	54.31	55.38	57.94	59.88	64.62	64.62
2021.73	35.5	38.5	40.31	42.5	44.94	47.56	50.25	50.94	54.31	55.38	58.0	59.94	64.56	64.62
