13.11	23.37	23.56	23.06	22.94	22.56	23.19	24.12	23.75	23.81	24.0	23.81	23.69	24.06	23.69
18.39	23.37	23.56	23.06	22.94	22.56	23.25	24.19	23.69	23.81	23.94	23.81	23.69	24.06	23.69
29.67	23.37	23.56	23.06	22.94	22.56	23.25	24.12	23.75	23.94	24.25	24.37	24.69	26.62	27.94
40.91	23.37	23.56	23.12	23.06	22.75	23.62	24.62	24.37	25.31	25.75	26.5	27.44	31.19	33.19
52.18	23.37	23.62	23.25	23.37	23.37	24.37	25.69	25.62	27.19	27.75	29.0	30.56	35.44	37.88
63.47	23.5	23.87	23.56	23.94	24.25	25.56	26.94	27.12	29.25	30.0	31.62	33.63	39.38	42.0
66.23	23.5	23.94	23.69	24.06	24.5	25.75	27.31	27.5	29.75	30.56	32.31	34.31	40.19	42.88
71.43	23.62	24.06	23.87	24.44	25.0	26.44	28.0	28.25	30.75	31.56	33.5	35.69	41.88	44.56
82.73	23.81	24.44	24.44	25.25	26.06	27.69	29.5	29.94	32.81	33.81	36.0	38.5	45.06	47.75
84.91	23.87	24.56	24.5	25.37	26.25	27.94	29.81	30.19	33.19	34.19	36.44	39.0	45.63	48.25
88.1	24.0	24.69	24.69	25.62	26.62	28.37	30.25	30.69	33.75	34.81	37.13	39.75	46.44	49.06
99.37	24.31	25.19	25.37	26.56	27.75	29.69	31.69	32.31	35.75	36.88	39.44	42.19	49.06	51.69
101.55	24.37	25.25	25.5	26.69	28.0	29.94	32.0	32.56	36.06	37.19	39.75	42.63	49.5	52.06
104.73	24.44	25.44	25.69	27.0	28.31	30.37	32.44	33.06	36.56	37.75	40.38	43.31	50.19	52.69
124.08	25.12	26.44	26.94	28.56	30.25	32.5	34.81	35.56	39.44	40.81	43.69	46.81	53.88	56.25
126.27	25.19	26.56	27.06	28.75	30.44	32.75	35.06	35.88	39.75	41.13	44.0	47.13	54.19	56.56
129.46	25.31	26.69	27.31	29.0	30.81	33.13	35.44	36.25	40.19	41.63	44.5	47.69	54.75	57.06
154.86	26.37	28.06	29.0	31.0	33.13	35.63	38.19	39.19	43.44	44.94	48.13	51.31	58.5	60.75
157.06	26.44	28.19	29.12	31.12	33.25	35.88	38.44	39.38	43.63	45.13	48.38	51.63	58.75	61.0
160.27	26.56	28.37	29.31	31.37	33.56	36.19	38.75	39.75	44.06	45.56	48.75	52.06	59.19	61.44
269.42	30.87	33.63	35.44	38.19	41.13	44.25	47.31	48.63	53.38	55.06	58.75	62.19	69.31	71.0
272.62	31.0	33.81	35.63	38.31	41.31	44.38	47.44	48.88	53.56	55.31	59.06	62.44	69.5	71.19
274.8	31.06	33.88	35.75	38.44	41.44	44.56	47.63	49.0	53.69	55.44	59.19	62.56	69.62	71.31
277.99	31.19	34.0	35.88	38.63	41.63	44.69	47.75	49.19	53.88	55.63	59.38	62.75	69.81	71.5
280.16	31.25	34.06	35.94	38.69	41.69	44.81	47.94	49.25	54.0	55.75	59.5	62.88	70.0	71.56
310.61	32.19	35.25	37.25	40.06	43.19	46.38	49.5	50.94	55.75	57.44	61.31	64.62	71.62	73.12
313.81	32.38	35.38	37.44	40.19	43.31	46.56	49.69	51.13	55.88	57.63	61.44	64.75	71.81	73.25
316.0	32.38	35.44	37.5	40.31	43.44	46.63	49.81	51.19	56.0	57.75	61.56	64.87	71.87	73.37
319.19	32.5	35.56	37.63	40.44	43.63	46.81	50.0	51.38	56.19	57.88	61.69	65.0	72.0	73.5
321.38	32.56	35.63	37.69	40.56	43.69	46.88	50.0	51.44	56.25	58.0	61.81	65.12	72.12	73.56
341.7	33.13	36.25	38.44	41.31	44.5	47.81	50.94	52.38	57.13	58.88	62.75	66.06	73.0	74.44
344.89	33.25	36.38	38.56	41.44	44.63	47.94	51.06	52.5	57.31	59.0	62.88	66.19	73.19	74.56
347.08	33.31	36.44	38.63	41.5	44.69	48.0	51.13	52.56	57.38	59.13	63.0	66.31	73.25	74.62
350.31	33.38	36.56	38.75	41.63	44.81	48.13	51.31	52.75	57.5	59.25	63.13	66.37	73.31	74.69
352.5	33.44	36.63	38.81	41.69	44.94	48.19	51.38	52.81	57.63	59.31	63.19	66.5	73.44	74.81
355.7	33.5	36.75	38.94	41.81	45.06	48.38	51.5	52.94	57.75	59.44	63.25	66.62	73.56	74.87
357.93	33.63	36.81	39.0	41.88	45.13	48.44	51.56	53.0	57.81	59.56	63.38	66.69	73.62	75.0
361.13	33.69	36.88	39.06	42.0	45.25	48.5	51.69	53.19	57.94	59.69	63.5	66.81	73.75	75.12
363.33	33.75	36.94	39.19	42.06	45.31	48.56	51.81	53.25	58.0	59.75	63.63	66.87	73.81	75.19
366.54	33.81	37.06	39.25	42.19	45.44	48.69	51.94	53.38	58.13	59.88	63.75	67.0	73.94	75.31
368.72	33.88	37.13	39.31	42.25	45.56	48.75	51.94	53.44	58.19	59.94	63.81	67.12	74.06	75.37
371.93	33.94	37.25	39.44	42.31	45.63	48.88	52.13	53.56	58.31	60.06	64.0	67.19	74.19	75.5
374.11	34.0	37.25	39.44	42.44	45.69	49.0	52.19	53.63	58.44	60.13	64.0	67.31	74.25	75.62
396.5	34.56	37.81	40.13	43.13	46.44	49.75	52.94	54.38	59.25	60.94	64.87	68.12	75.06	76.31
399.68	34.63	37.94	40.25	43.19	46.5	49.81	53.06	54.5	59.38	61.06	65.0	68.19	75.12	76.44
401.86	34.63	37.94	40.31	43.25	46.56	49.94	53.13	54.56	59.44	61.13	65.06	68.31	75.25	76.5
424.26	35.13	38.5	40.88	43.88	47.25	50.56	53.81	55.31	60.13	61.81	65.81	69.06	75.94	77.19
427.45	35.19	38.63	41.0	43.94	47.31	50.69	53.94	55.38	60.25	61.94	65.87	69.19	76.06	77.25
429.65	35.25	38.63	41.0	44.0	47.38	50.75	53.94	55.5	60.25	62.0	66.0	69.19	76.12	77.31
447.98	35.63	39.06	41.5	44.5	47.88	51.25	54.5	56.0	60.81	62.5	66.5	69.69	76.56	77.75
451.19	35.69	39.13	41.56	44.56	47.94	51.38	54.56	56.13	60.94	62.63	66.56	69.75	76.62	77.81
453.38	35.69	39.19	41.63	44.63	48.0	51.38	54.69	56.13	60.94	62.63	66.62	69.87	76.69	77.87
471.7	36.0	39.5	42.0	45.0	48.44	51.88	55.13	56.56	61.38	63.06	67.06	70.25	77.06	78.19
474.9	36.06	39.56	42.06	45.06	48.5	51.88	55.13	56.69	61.44	63.13	67.12	70.31	77.12	78.25
477.09	36.13	39.63	42.13	45.13	48.56	51.94	55.19	56.69	61.5	63.19	67.19	70.44	77.19	78.31
497.46	36.38	39.94	42.44	45.56	49.0	52.38	55.69	57.19	61.94	63.63	67.62	70.81	77.62	78.69
500.65	36.44	40.0	42.56	45.56	49.06	52.44	55.75	57.25	62.0	63.69	67.75	70.87	77.69	78.75
502.86	36.44	40.0	42.56	45.63	49.06	52.44	55.75	57.25	62.06	63.75	67.75	70.94	77.69	78.75
506.08	36.5	40.06	42.63	45.69	49.19	52.56	55.81	57.31	62.13	63.81	67.81	71.0	77.75	78.81
512.38	36.56	40.19	42.69	45.81	49.25	52.69	55.94	57.44	62.25	63.94	67.94	71.06	77.87	78.87
526.63	36.75	40.38	43.0	46.06	49.56	52.94	56.19	57.69	62.5	64.19	68.19	71.37	78.12	79.19
529.84	36.81	40.44	43.06	46.13	49.63	53.06	56.31	57.75	62.56	64.25	68.31	71.37	78.19	79.25
532.05	36.81	40.44	43.06	46.13	49.63	53.06	56.31	57.81	62.63	64.25	68.31	71.44	78.25	79.31
535.25	36.88	40.5	43.13	46.19	49.69	53.13	56.38	57.88	62.69	64.37	68.37	71.5	78.31	79.37
537.44	36.88	40.56	43.13	46.25	49.75	53.19	56.44	57.88	62.75	64.37	68.44	71.56	78.37	79.37
551.74	37.06	40.75	43.38	46.44	50.0	53.38	56.69	58.19	63.0	64.69	68.69	71.81	78.62	79.62
554.95	37.13	40.81	43.38	46.5	50.06	53.5	56.75	58.25	63.06	64.75	68.75	71.87	78.69	79.69
557.15	37.13	40.81	43.5	46.5	50.06	53.5	56.75	58.25	63.06	64.75	68.81	71.94	78.69	79.69
560.36	37.19	40.88	43.5	46.56	50.06	53.56	56.81	58.31	63.13	64.75	68.87	72.0	78.75	79.75
562.55	37.19	40.88	43.56	46.63	50.13	53.56	56.88	58.31	63.19	64.81	68.87	72.0	78.75	79.81
576.84	37.38	41.06	43.69	46.81	50.38	53.81	57.13	58.56	63.44	65.06	69.12	72.25	79.06	80.06
580.03	37.38	41.06	43.75	46.88	50.38	53.88	57.19	58.63	63.44	65.12	69.25	72.31	79.12	80.12
582.21	37.38	41.06	43.81	46.88	50.44	53.94	57.19	58.69	63.5	65.19	69.25	72.37	79.19	80.12
596.53	37.56	41.31	44.0	47.06	50.63	54.13	57.44	58.88	63.75	65.44	69.5	72.56	79.37	80.25
599.73	37.56	41.31	44.06	47.13	50.69	54.19	57.5	58.94	63.81	65.44	69.5	72.62	79.37	80.31
601.94	37.63	41.31	44.06	47.19	50.75	54.19	57.5	59.0	63.81	65.5	69.56	72.62	79.44	80.37
618.26	37.81	41.56	44.25	47.38	51.0	54.5	57.75	59.25	64.06	65.75	69.81	72.94	79.69	80.62
621.46	37.81	41.56	44.31	47.44	51.0	54.5	57.81	59.25	64.12	65.75	69.87	72.94	79.75	80.62
623.66	37.88	41.63	44.38	47.44	51.06	54.56	57.81	59.31	64.19	65.81	69.87	73.0	79.81	80.69
637.96	37.94	41.75	44.5	47.63	51.25	54.75	58.0	59.5	64.37	66.0	70.06	73.12	79.94	80.81
654.25	38.06	41.88	44.69	47.81	51.44	55.0	58.19	59.69	64.56	66.19	70.31	73.37	80.25	81.06
657.47	38.13	41.88	44.75	47.88	51.5	55.06	58.25	59.75	64.62	66.25	70.37	73.44	80.25	81.12
659.66	38.13	41.94	44.75	47.88	51.5	55.06	58.31	59.75	64.62	66.31	70.37	73.44	80.25	81.12
673.96	38.25	42.06	44.88	48.06	51.69	55.19	58.5	59.94	64.81	66.44	70.56	73.62	80.5	81.31
677.17	38.31	42.13	44.94	48.06	51.75	55.25	58.5	60.0	64.87	66.5	70.62	73.69	80.5	81.37
679.36	38.31	42.13	44.94	48.13	51.75	55.25	58.56	60.0	64.87	66.56	70.69	73.75	80.56	81.44
693.66	38.44	42.25	45.06	48.25	51.88	55.44	58.69	60.19	65.06	66.75	70.87	73.94	80.81	81.69
696.86	38.5	42.31	45.13	48.31	51.94	55.5	58.75	60.25	65.12	66.81	70.87	74.0	80.87	81.69
699.04	38.5	42.31	45.13	48.31	51.94	55.5	58.75	60.31	65.19	66.81	70.94	74.0	80.87	81.69
711.33	38.63	42.44	45.25	48.44	52.13	55.63	58.94	60.44	65.31	67.0	71.06	74.19	81.0	81.75
714.55	38.63	42.5	45.31	48.5	52.13	55.69	59.0	60.5	65.37	67.0	71.12	74.19	81.0	81.81
716.76	38.63	42.5	45.38	48.5	52.19	55.69	59.0	60.5	65.37	67.06	71.19	74.25	81.0	81.81
719.95	38.63	42.56	45.38	48.56	52.19	55.75	59.06	60.56	65.44	67.06	71.19	74.25	81.0	81.81
722.14	38.69	42.56	45.38	48.5	52.25	55.69	59.06	60.56	65.44	67.06	71.19	74.31	81.06	81.81
736.46	38.75	42.63	45.5	48.69	52.38	55.88	59.19	60.69	65.56	67.19	71.31	74.44	81.19	81.94
739.67	38.75	42.69	45.56	48.75	52.38	55.88	59.19	60.69	65.62	67.25	71.37	74.44	81.19	82.0
741.86	38.75	42.69	45.56	48.75	52.38	55.88	59.19	60.75	65.62	67.31	71.37	74.5	81.25	82.06
754.14	38.81	42.75	45.63	48.81	52.5	56.0	59.31	60.88	65.75	67.37	71.56	74.62	81.37	82.19
757.36	38.81	42.81	45.69	48.88	52.56	56.0	59.38	60.88	65.81	67.44	71.62	74.69	81.37	82.19
759.56	38.81	42.81	45.69	48.88	52.56	56.0	59.38	60.94	65.81	67.44	71.56	74.69	81.44	82.19
773.86	38.94	42.94	45.81	49.0	52.69	56.19	59.5	61.0	65.94	67.62	71.75	74.75	81.56	82.31
777.08	39.0	42.94	45.81	49.0	52.75	56.25	59.5	61.06	66.0	67.62	71.75	74.81	81.56	82.37
779.3	38.94	43.0	45.81	49.06	52.75	56.25	59.56	61.06	66.0	67.62	71.75	74.81	81.56	82.37
782.49	39.0	43.0	45.88	49.06	52.75	56.25	59.56	61.13	66.0	67.62	71.75	74.87	81.62	82.37
784.69	39.0	43.0	45.88	49.06	52.75	56.31	59.63	61.13	66.06	67.69	71.81	74.87	81.62	82.37
799.01	39.13	43.06	45.94	49.19	52.88	56.44	59.75	61.25	66.19	67.81	71.94	74.94	81.69	82.44
802.21	39.13	43.13	46.0	49.19	52.94	56.44	59.75	61.25	66.19	67.81	71.94	74.94	81.69	82.44
804.41	39.19	43.13	46.0	49.25	52.94	56.44	59.81	61.31	66.19	67.81	71.94	75.0	81.69	82.44
816.7	39.25	43.19	46.06	49.31	53.0	56.5	59.88	61.38	66.25	67.87	72.0	75.06	81.81	82.56
819.9	39.25	43.25	46.13	49.31	53.06	56.56	59.88	61.38	66.31	67.87	72.06	75.12	81.81	82.56
822.08	39.31	43.25	46.13	49.31	53.0	56.56	59.88	61.44	66.31	67.94	72.06	75.06	81.87	82.56
836.4	39.38	43.31	46.25	49.44	53.13	56.69	60.0	61.5	66.37	68.0	72.12	75.12	81.87	82.56
850.68	39.38	43.38	46.25	49.5	53.19	56.75	60.06	61.56	66.44	68.06	72.19	75.19	81.94	82.62
853.89	39.44	43.44	46.31	49.5	53.25	56.75	60.06	61.56	66.5	68.12	72.19	75.19	81.94	82.62
856.08	39.44	43.44	46.38	49.56	53.25	56.81	60.13	61.63	66.5	68.06	72.19	75.25	81.94	82.62
868.36	39.5	43.5	46.38	49.63	53.31	56.88	60.13	61.69	66.56	68.19	72.25	75.25	82.0	82.69
871.56	39.5	43.5	46.44	49.69	53.31	56.88	60.19	61.69	66.56	68.19	72.31	75.25	82.0	82.69
873.75	39.5	43.5	46.44	49.69	53.31	56.88	60.19	61.69	66.56	68.19	72.31	75.25	82.0	82.69
881.97	39.56	43.56	46.5	49.69	53.44	56.94	60.25	61.75	66.62	68.19	72.25	75.31	82.06	82.75
885.16	39.56	43.56	46.5	49.69	53.44	56.94	60.25	61.75	66.62	68.25	72.37	75.31	82.06	82.75
887.35	39.56	43.56	46.5	49.75	53.44	56.94	60.25	61.75	66.62	68.25	72.37	75.37	82.06	82.81
899.65	39.63	43.63	46.5	49.75	53.5	57.0	60.31	61.75	66.69	68.31	72.44	75.44	82.19	82.94
902.87	39.63	43.63	46.56	49.81	53.5	57.0	60.31	61.75	66.69	68.31	72.44	75.5	82.25	82.94
905.05	39.63	43.63	46.56	49.81	53.5	57.06	60.31	61.81	66.69	68.31	72.5	75.5	82.25	83.0
919.37	39.69	43.69	46.63	49.81	53.63	57.13	60.38	61.88	66.81	68.44	72.56	75.56	82.37	83.0
922.58	39.69	43.69	46.63	49.88	53.56	57.13	60.44	61.94	66.81	68.44	72.56	75.62	82.37	83.06
924.77	39.69	43.69	46.63	49.88	53.63	57.13	60.44	61.94	66.81	68.5	72.62	75.62	82.37	83.06
935.02	39.75	43.75	46.69	49.94	53.63	57.19	60.5	62.0	66.94	68.5	72.69	75.69	82.5	83.19
938.22	39.75	43.75	46.75	49.94	53.69	57.25	60.56	62.0	66.94	68.56	72.69	75.75	82.5	83.19
940.4	39.75	43.75	46.69	49.94	53.69	57.25	60.56	62.0	66.94	68.56	72.75	75.69	82.56	83.19
952.7	39.81	43.81	46.75	50.0	53.75	57.25	60.63	62.13	67.0	68.62	72.81	75.81	82.56	83.25
955.91	39.81	43.88	46.75	50.0	53.75	57.31	60.63	62.13	67.06	68.69	72.81	75.81	82.62	83.25
958.1	39.81	43.88	46.81	50.06	53.75	57.31	60.63	62.06	67.06	68.69	72.81	75.81	82.62	83.25
970.39	39.88	43.94	46.88	50.06	53.81	57.38	60.69	62.19	67.12	68.75	72.94	75.94	82.69	83.37
973.59	39.88	43.94	46.88	50.06	53.88	57.38	60.69	62.19	67.12	68.81	72.94	75.94	82.75	83.37
975.79	39.88	43.94	46.88	50.13	53.88	57.44	60.75	62.19	67.19	68.81	72.94	75.94	82.75	83.37
988.07	39.94	44.0	46.94	50.19	53.94	57.5	60.81	62.25	67.25	68.87	72.94	76.0	82.75	83.37
1000.31	39.94	44.0	47.0	50.25	54.0	57.56	60.88	62.31	67.31	68.94	73.06	76.06	82.81	83.5
1014.61	40.0	44.0	47.06	50.31	54.06	57.63	60.94	62.44	67.37	69.0	73.12	76.12	82.94	83.62
1017.81	40.06	44.13	47.06	50.31	54.06	57.63	60.94	62.44	67.37	69.0	73.19	76.19	82.94	83.62
1019.98	40.06	44.06	47.06	50.31	54.06	57.63	60.94	62.44	67.37	69.06	73.19	76.12	83.0	83.62
1028.23	40.06	44.13	47.06	50.38	54.13	57.69	61.0	62.5	67.44	69.06	73.25	76.25	83.06	83.69
1031.44	40.06	44.13	47.06	50.38	54.13	57.69	61.0	62.5	67.44	69.12	73.25	76.25	83.06	83.69
1033.65	40.06	44.13	47.06	50.38	54.13	57.75	61.0	62.5	67.44	69.12	73.25	76.25	83.06	83.69
1047.96	40.13	44.19	47.19	50.44	54.25	57.81	61.06	62.56	67.5	69.19	73.31	76.31	83.06	83.69
1060.2	40.19	44.19	47.19	50.5	54.25	57.81	61.13	62.63	67.56	69.25	73.31	76.37	83.12	83.75
1063.4	40.19	44.25	47.19	50.5	54.25	57.81	61.13	62.63	67.56	69.25	73.37	76.37	83.12	83.75
1065.6	40.19	44.25	47.25	50.5	54.25	57.88	61.13	62.63	67.56	69.25	73.37	76.37	83.12	83.75
1075.85	40.19	44.25	47.25	50.56	54.31	57.88	61.19	62.69	67.62	69.25	73.44	76.37	83.19	83.75
1079.06	40.19	44.25	47.25	50.56	54.31	57.88	61.19	62.69	67.62	69.25	73.44	76.37	83.12	83.75
1081.27	40.25	44.25	47.25	50.56	54.38	57.88	61.19	62.69	67.62	69.25	73.44	76.37	83.19	83.75
1084.5	40.25	44.31	47.31	50.56	54.38	57.88	61.25	62.69	67.62	69.31	73.5	76.37	83.19	83.81
1086.69	40.25	44.25	47.31	50.56	54.38	57.88	61.19	62.75	67.62	69.25	73.44	76.44	83.19	83.81
1096.95	40.25	44.31	47.31	50.63	54.38	57.94	61.25	62.75	67.69	69.31	73.5	76.5	83.25	83.81
1100.17	40.25	44.31	47.38	50.63	54.38	57.94	61.25	62.75	67.75	69.31	73.5	76.5	83.25	83.87
1102.38	40.25	44.31	47.38	50.63	54.44	58.0	61.25	62.75	67.75	69.37	73.5	76.5	83.25	83.87
1114.66	40.31	44.38	47.38	50.63	54.44	58.0	61.31	62.81	67.75	69.44	73.62	76.5	83.31	83.87
1117.84	40.31	44.38	47.44	50.69	54.44	58.06	61.31	62.81	67.75	69.37	73.56	76.56	83.31	83.87
1120.04	40.31	44.38	47.38	50.69	54.5	58.06	61.31	62.81	67.81	69.37	73.62	76.56	83.31	83.94
1130.3	40.31	44.44	47.44	50.69	54.5	58.13	61.31	62.88	67.81	69.44	73.62	76.56	83.31	83.87
1133.5	40.31	44.44	47.44	50.75	54.5	58.06	61.38	62.88	67.81	69.44	73.62	76.56	83.31	83.87
1135.69	40.31	44.44	47.44	50.75	54.5	58.13	61.38	62.81	67.81	69.44	73.62	76.56	83.31	83.87
1145.95	40.38	44.5	47.5	50.75	54.56	58.13	61.44	62.88	67.81	69.5	73.62	76.56	83.19	83.75
1149.15	40.38	44.5	47.5	50.75	54.56	58.06	61.38	62.88	67.87	69.5	73.56	76.5	83.19	83.75
1151.33	40.44	44.5	47.5	50.75	54.56	58.19	61.44	62.88	67.87	69.44	73.62	76.5	83.19	83.75
1161.59	40.5	44.5	47.5	50.81	54.56	58.19	61.44	62.94	67.81	69.44	73.56	76.5	83.19	83.75
1175.89	40.56	44.56	47.56	50.81	54.56	58.19	61.5	62.94	67.87	69.44	73.56	76.5	83.19	83.75
1179.08	40.56	44.56	47.56	50.81	54.56	58.19	61.44	62.94	67.87	69.44	73.56	76.5	83.19	83.81
1181.26	40.56	44.56	47.56	50.81	54.56	58.19	61.44	62.94	67.87	69.44	73.56	76.5	83.19	83.81
1191.54	40.56	44.56	47.56	50.81	54.63	58.19	61.5	62.94	67.81	69.5	73.62	76.5	83.25	83.81
1194.74	40.56	44.56	47.56	50.81	54.63	58.25	61.5	62.94	67.87	69.44	73.62	76.5	83.25	83.81
1196.92	40.56	44.56	47.56	50.81	54.63	58.25	61.5	62.94	67.87	69.5	73.62	76.56	83.25	83.81
1207.21	40.5	44.5	47.56	50.81	54.63	58.19	61.5	62.94	67.87	69.5	73.62	76.56	83.25	83.87
1210.41	40.44	44.5	47.56	50.88	54.63	58.25	61.44	62.94	67.87	69.5	73.69	76.56	83.31	83.87
1212.61	40.5	44.5	47.56	50.88	54.63	58.19	61.5	62.94	67.87	69.5	73.62	76.56	83.31	83.87
1226.93	40.5	44.56	47.63	50.88	54.69	58.19	61.5	63.0	67.94	69.5	73.69	76.62	83.37	83.87
1230.13	40.5	44.56	47.63	50.88	54.69	58.19	61.5	63.0	67.94	69.56	73.69	76.62	83.37	83.94
1232.31	40.5	44.56	47.63	50.88	54.69	58.19	61.56	63.0	67.94	69.56	73.69	76.69	83.37	83.94
1240.52	40.5	44.63	47.63	50.94	54.69	58.25	61.5	63.0	68.0	69.56	73.75	76.69	83.37	83.94
1252.79	40.56	44.63	47.69	50.94	54.75	58.25	61.56	63.06	68.0	69.62	73.75	76.69	83.44	84.0
1256.0	40.56	44.63	47.69	50.94	54.75	58.25	61.56	63.06	68.0	69.62	73.75	76.69	83.44	84.0
1258.19	40.56	44.63	47.69	50.94	54.75	58.31	61.56	63.06	68.0	69.62	73.75	76.75	83.44	84.0
1268.45	40.56	44.63	47.69	51.0	54.75	58.31	61.56	63.13	68.06	69.69	73.81	76.69	83.44	84.0
1271.66	40.56	44.69	47.69	50.94	54.75	58.31	61.63	63.06	68.06	69.69	73.81	76.69	83.44	84.0
1273.85	40.56	44.69	47.69	50.94	54.75	58.31	61.56	63.13	68.06	69.69	73.81	76.75	83.44	84.0
1284.11	40.56	44.69	47.69	51.0	54.81	58.38	61.63	63.13	68.06	69.69	73.81	76.75	83.5	84.06
1287.32	40.56	44.69	47.75	51.0	54.81	58.31	61.63	63.13	68.06	69.69	73.81	76.75	83.5	84.06
1289.5	40.56	44.69	47.75	51.0	54.81	58.38	61.63	63.13	68.06	69.69	73.81	76.75	83.5	84.12
1299.76	40.56	44.75	47.75	51.06	54.88	58.38	61.69	63.13	68.12	69.75	73.87	76.81	83.56	84.19
1302.96	40.63	44.75	47.75	51.0	54.81	58.38	61.69	63.19	68.12	69.75	73.94	76.87	83.62	84.19
1305.15	40.56	44.69	47.75	51.06	54.81	58.44	61.69	63.19	68.12	69.75	73.94	76.87	83.62	84.19
1315.41	40.56	44.75	47.75	51.06	54.88	58.44	61.69	63.19	68.19	69.81	73.94	76.87	83.69	84.25
1318.62	40.56	44.75	47.81	51.06	54.88	58.38	61.75	63.25	68.19	69.81	73.94	76.87	83.69	84.25
1320.82	40.56	44.75	47.81	51.06	54.88	58.44	61.69	63.25	68.19	69.81	73.94	76.94	83.69	84.25
1335.15	40.63	44.81	47.81	51.13	54.94	58.44	61.75	63.25	68.25	69.87	74.0	76.94	83.75	84.25
1338.36	40.63	44.81	47.81	51.13	54.94	58.5	61.75	63.31	68.25	69.87	74.06	76.94	83.69	84.25
1340.55	40.63	44.81	47.88	51.13	54.94	58.5	61.75	63.25	68.25	69.87	74.0	77.0	83.75	84.25
1348.77	40.75	44.81	47.88	51.13	54.94	58.5	61.81	63.31	68.25	69.87	74.06	76.94	83.69	84.19
1351.99	40.69	44.81	47.94	51.19	54.94	58.5	61.81	63.31	68.25	69.87	74.0	76.94	83.69	84.12
1354.17	40.69	44.81	47.88	51.19	54.94	58.5	61.81	63.25	68.25	69.87	74.0	76.94	83.62	84.12
1362.39	40.75	44.88	47.88	51.19	54.94	58.56	61.81	63.25	68.25	69.87	74.0	76.87	83.56	84.06
1365.59	40.69	44.88	47.88	51.19	55.0	58.5	61.81	63.31	68.25	69.87	74.0	76.87	83.56	84.0
1367.79	40.75	44.88	47.94	51.19	54.94	58.5	61.81	63.25	68.25	69.87	73.94	76.87	83.56	84.06
1380.07	40.75	44.88	47.94	51.19	55.0	58.56	61.81	63.25	68.25	69.87	73.94	76.87	83.62	84.12
1383.28	40.69	44.88	47.94	51.19	55.0	58.56	61.81	63.31	68.25	69.87	74.0	76.87	83.62	84.06
1385.47	40.75	44.88	47.94	51.19	55.0	58.5	61.81	63.31	68.25	69.87	73.94	76.87	83.56	84.12
1395.73	40.75	44.88	47.94	51.19	55.0	58.5	61.88	63.31	68.25	69.87	74.0	76.94	83.62	84.12
1410.02	40.75	44.88	47.94	51.19	55.0	58.56	61.88	63.31	68.31	69.87	74.06	77.0	83.69	84.25
1420.24	40.75	44.94	48.0	51.25	55.06	58.56	61.88	63.38	68.31	69.94	74.06	76.94	83.62	84.12
1423.45	40.75	44.94	48.0	51.25	55.06	58.63	61.94	63.31	68.31	69.94	74.06	76.94	83.56	84.12
1425.65	40.75	44.94	48.0	51.25	55.06	58.63	61.88	63.38	68.31	69.94	74.0	76.94	83.56	84.12
1437.93	40.81	44.94	48.0	51.25	55.06	58.63	61.88	63.38	68.31	69.87	74.0	76.94	83.56	84.12
1452.22	40.94	45.0	48.0	51.25	55.06	58.63	61.94	63.38	68.31	69.94	74.06	76.94	83.62	84.12
1455.43	40.94	44.94	47.94	51.25	55.06	58.63	61.94	63.38	68.31	69.94	74.06	76.94	83.56	84.12
1457.63	40.94	44.94	47.94	51.25	55.06	58.63	61.94	63.38	68.31	69.94	74.06	76.94	83.56	84.12
1469.93	40.88	44.94	47.94	51.25	55.06	58.63	61.94	63.38	68.31	69.94	74.06	77.0	83.62	84.12
1473.14	40.88	44.94	48.0	51.31	55.06	58.63	61.94	63.38	68.31	69.94	74.06	76.94	83.62	84.06
1475.35	40.88	45.0	48.0	51.25	55.06	58.63	61.94	63.38	68.31	69.94	74.06	76.94	83.56	84.12
1487.62	40.94	45.0	48.0	51.25	55.06	58.63	61.94	63.38	68.31	69.94	74.0	76.94	83.56	84.12
1490.82	40.94	45.0	48.0	51.25	55.06	58.63	61.94	63.38	68.31	69.94	74.06	76.94	83.62	84.12
1493.02	40.88	45.0	48.0	51.25	55.06	58.63	61.94	63.38	68.31	69.94	74.06	76.94	83.62	84.06
1505.32	40.88	45.0	48.0	51.31	55.06	58.63	61.94	63.38	68.31	69.94	74.06	76.94	83.56	84.0
1508.52	40.88	44.94	48.0	51.25	55.06	58.63	61.94	63.38	68.31	69.94	74.06	76.94	83.5	84.0
1510.72	40.88	44.94	48.0	51.25	55.06	58.63	61.94	63.38	68.31	69.94	74.06	76.94	83.56	84.0
1525.05	40.81	45.0	48.0	51.25	55.13	58.56	61.94	63.38	68.31	69.87	74.06	76.94	83.5	84.0
1539.32	40.81	45.0	48.0	51.25	55.13	58.63	61.94	63.38	68.31	69.94	74.06	76.94	83.56	84.12
1551.59	40.81	45.0	48.0	51.31	55.13	58.63	61.94	63.44	68.37	69.94	74.06	77.0	83.69	84.19
1554.8	40.81	44.94	48.0	51.31	55.13	58.63	61.94	63.44	68.31	69.94	74.12	77.0	83.69	84.25
1556.99	40.75	45.0	48.06	51.31	55.13	58.63	61.94	63.44	68.37	69.94	74.12	77.0	83.69	84.25
1567.25	40.81	45.0	48.06	51.31	55.13	58.63	62.0	63.44	68.37	70.0	74.12	77.0	83.75	84.25
1570.47	40.81	45.0	48.06	51.31	55.13	58.69	62.0	63.44	68.37	70.0	74.19	77.0	83.75	84.31
1572.66	40.81	45.0	48.06	51.31	55.13	58.69	62.0	63.44	68.37	70.0	74.12	77.0	83.75	84.31
1582.92	40.81	45.0	48.06	51.38	55.13	58.69	62.0	63.44	68.44	70.0	74.19	77.06	83.75	84.25
1586.12	40.81	45.0	48.06	51.38	55.19	58.69	62.0	63.44	68.44	70.0	74.19	77.06	83.75	84.25
1588.32	40.81	45.0	48.06	51.38	55.19	58.69	62.06	63.44	68.44	70.0	74.19	77.06	83.69	84.25
1598.57	40.88	45.06	48.13	51.38	55.19	58.69	62.06	63.44	68.44	70.06	74.19	77.0	83.69	84.19
1601.77	40.88	45.0	48.06	51.38	55.19	58.75	62.06	63.5	68.44	70.06	74.12	77.0	83.69	84.19
1603.97	40.88	45.06	48.06	51.38	55.19	58.69	62.0	63.44	68.44	70.06	74.19	77.0	83.69	84.19
1614.23	40.94	45.06	48.13	51.38	55.19	58.75	62.06	63.5	68.44	70.0	74.12	76.94	83.62	84.12
1617.43	40.94	45.06	48.19	51.44	55.19	58.75	62.0	63.5	68.44	70.0	74.12	76.94	83.62	84.12
1619.64	40.88	45.06	48.13	51.44	55.19	58.75	62.06	63.5	68.37	70.0	74.12	76.94	83.62	84.12
1633.95	40.94	45.13	48.13	51.44	55.19	58.69	62.0	63.44	68.37	69.94	74.06	76.87	83.56	84.12
1637.16	40.94	45.13	48.19	51.44	55.19	58.75	62.0	63.44	68.37	69.94	74.06	76.94	83.56	84.12
1639.35	40.94	45.13	48.19	51.38	55.19	58.69	62.06	63.44	68.37	69.94	74.12	76.94	83.56	84.12
1649.61	40.94	45.13	48.19	51.44	55.19	58.75	62.0	63.44	68.37	69.94	74.12	76.94	83.56	84.12
1652.82	40.94	45.13	48.19	51.38	55.19	58.75	62.06	63.44	68.37	69.94	74.12	76.94	83.56	84.06
1654.99	41.0	45.13	48.19	51.44	55.19	58.75	62.0	63.44	68.37	69.94	74.06	76.94	83.56	84.06
1661.19	40.94	45.06	48.13	51.44	55.19	58.75	62.06	63.44	68.31	69.94	74.06	76.87	83.5	84.06
1664.4	41.0	45.13	48.13	51.44	55.19	58.75	62.0	63.44	68.31	69.94	74.0	76.87	83.5	84.06
1666.59	41.0	45.06	48.13	51.38	55.19	58.75	62.0	63.44	68.31	69.94	74.06	76.87	83.5	84.06
1678.89	40.94	45.06	48.13	51.38	55.19	58.69	62.0	63.44	68.31	69.94	74.06	76.87	83.5	84.06
1682.09	40.94	45.06	48.13	51.38	55.13	58.69	62.0	63.44	68.31	69.94	74.06	76.87	83.5	84.06
1684.28	40.94	45.06	48.13	51.38	55.19	58.69	62.0	63.44	68.31	69.94	74.06	76.87	83.5	84.06
1696.59	40.94	45.06	48.13	51.38	55.19	58.69	62.0	63.44	68.31	69.94	74.06	76.87	83.5	84.06
1699.77	40.94	45.06	48.13	51.38	55.19	58.69	62.0	63.44	68.31	69.94	74.06	76.94	83.56	84.12
1701.97	40.94	45.06	48.13	51.38	55.19	58.69	62.0	63.44	68.31	69.94	74.06	76.87	83.56	84.06
1712.24	40.94	45.06	48.13	51.38	55.19	58.69	62.0	63.44	68.37	69.94	74.06	76.94	83.56	84.06
1715.43	40.94	45.06	48.13	51.38	55.19	58.69	62.0	63.44	68.31	69.94	74.12	76.94	83.56	84.06
1717.61	40.88	45.06	48.13	51.38	55.19	58.69	62.0	63.38	68.31	69.94	74.06	76.94	83.56	84.06
1725.84	40.94	45.06	48.13	51.38	55.19	58.69	62.0	63.44	68.37	69.94	74.06	76.94	83.56	84.0
1729.05	40.94	45.06	48.13	51.38	55.19	58.69	62.0	63.44	68.37	69.94	74.06	76.94	83.5	84.0
1731.24	40.94	45.06	48.13	51.38	55.19	58.69	62.0	63.44	68.37	69.94	74.06	76.87	83.5	84.0
1739.46	41.0	45.06	48.13	51.38	55.19	58.69	61.94	63.44	68.31	69.94	74.06	76.87	83.5	83.94
1742.66	41.0	45.06	48.13	51.38	55.19	58.75	62.0	63.44	68.31	69.94	74.06	76.87	83.44	83.94
1744.85	41.0	45.06	48.13	51.38	55.19	58.69	62.0	63.44	68.31	69.94	74.06	76.87	83.44	83.94
1755.11	41.0	45.0	48.13	51.31	55.13	58.69	62.0	63.44	68.31	69.94	74.12	76.87	83.5	83.94
1758.31	41.0	45.0	48.06	51.31	55.13	58.63	62.0	63.44	68.31	69.94	74.06	76.94	83.5	83.94
1760.5	41.06	45.0	48.06	51.31	55.13	58.69	62.0	63.44	68.31	69.94	74.12	76.87	83.5	83.94
1772.8	41.0	45.0	48.06	51.31	55.13	58.63	62.0	63.44	68.31	69.94	74.06	76.94	83.5	84.0
1776.0	40.94	45.0	48.0	51.31	55.13	58.63	61.94	63.44	68.31	69.94	74.12	76.94	83.5	84.0
1778.18	40.94	45.0	48.06	51.31	55.13	58.69	62.0	63.44	68.31	69.94	74.12	76.87	83.5	83.94
1784.38	40.94	44.94	48.06	51.31	55.13	58.69	62.0	63.44	68.31	69.94	74.12	76.94	83.5	84.0
1787.59	40.94	44.94	48.06	51.31	55.13	58.69	62.0	63.44	68.31	69.94	74.12	76.94	83.5	83.94
1789.78	40.94	44.94	48.06	51.31	55.13	58.69	62.0	63.44	68.31	69.94	74.12	76.94	83.5	83.94
1804.1	40.88	45.0	48.06	51.38	55.19	58.69	62.0	63.44	68.31	70.0	74.06	76.87	83.5	83.94
1807.31	40.94	45.0	48.13	51.38	55.13	58.69	62.0	63.44	68.31	69.94	74.12	76.94	83.5	83.94
1809.5	40.88	45.0	48.06	51.38	55.13	58.69	62.0	63.44	68.31	69.94	74.12	76.94	83.5	84.0
1821.81	40.88	45.0	48.13	51.38	55.19	58.69	62.0	63.44	68.31	70.0	74.06	76.94	83.56	84.06
1824.99	40.88	45.0	48.06	51.38	55.19	58.69	62.0	63.44	68.31	70.0	74.06	76.94	83.62	84.12
1827.2	40.88	45.0	48.13	51.38	55.19	58.69	62.0	63.44	68.31	70.0	74.12	76.94	83.62	84.12
1837.46	40.88	45.0	48.06	51.38	55.19	58.69	62.0	63.44	68.37	70.0	74.12	77.0	83.62	84.12
1849.71	40.81	45.0	48.06	51.38	55.19	58.75	62.0	63.44	68.37	70.0	74.12	77.0	83.62	84.19
1852.92	40.81	45.0	48.06	51.38	55.19	58.75	62.0	63.5	68.37	70.0	74.19	77.0	83.69	84.19
1855.11	40.81	44.94	48.06	51.38	55.19	58.69	62.0	63.5	68.37	70.0	74.19	77.0	83.69	84.19
1867.41	40.81	45.0	48.06	51.38	55.19	58.69	62.0	63.5	68.37	70.06	74.12	77.0	83.69	84.19
1870.6	40.81	45.0	48.06	51.38	55.19	58.75	62.0	63.5	68.37	70.06	74.12	77.0	83.69	84.12
1872.8	40.81	45.0	48.06	51.38	55.19	58.75	62.06	63.5	68.44	70.06	74.19	77.06	83.62	84.12
1885.09	40.81	45.0	48.13	51.44	55.25	58.75	62.06	63.5	68.44	70.06	74.19	77.0	83.69	84.19
1888.32	40.81	45.0	48.13	51.44	55.25	58.75	62.0	63.5	68.44	70.06	74.19	77.06	83.69	84.12
1890.5	40.81	45.06	48.13	51.44	55.25	58.81	62.0	63.5	68.44	70.06	74.19	77.0	83.69	84.12
1900.75	40.81	45.0	48.13	51.44	55.25	58.81	62.06	63.5	68.44	70.06	74.19	77.0	83.62	84.06
1903.97	40.81	45.0	48.13	51.44	55.25	58.75	62.06	63.5	68.44	70.06	74.19	77.0	83.62	84.12
1906.16	40.81	45.06	48.13	51.44	55.25	58.75	62.06	63.5	68.44	70.06	74.19	77.0	83.62	84.12
1920.48	40.81	45.06	48.19	51.44	55.31	58.75	62.06	63.5	68.44	70.06	74.19	76.94	83.62	84.12
1934.79	40.75	45.0	48.19	51.44	55.25	58.81	62.0	63.5	68.37	70.0	74.0	76.75	82.75	82.31
1937.98	40.69	45.0	48.13	51.44	55.25	58.81	62.0	63.44	68.31	69.87	73.75	76.25	81.69	80.81
